{
  "reconstruction_method": "ground_homography_rays",
  "reference_frame": "world_plane_from_manual_control_points",
  "world_frame": {
    "plane": "Z=0",
    "unit": "meter",
    "control_points_order": [
      "top_left",
      "top_right",
      "bottom_right",
      "bottom_left"
    ],
    "control_points_xy": [
      [
        0.0,
        0.0
      ],
      [
        2.7,
        0.0
      ],
      [
        2.7,
        2.7
      ],
      [
        0.0,
        2.7
      ]
    ]
  },
  "control_points": {
    "frame_index": 0,
    "left_video": "E:\\pingping\\pose3d_project_2.0_fixed\\data\\session_001\\left3.mp4",
    "right_video": "E:\\pingping\\pose3d_project_2.0_fixed\\data\\session_001\\right3.mp4",
    "point_source": "saved_json",
    "left_points_confirmed": [
      [
        526.0,
        1659.0
      ],
      [
        1953.0,
        1562.0
      ],
      [
        2699.0,
        1839.0
      ],
      [
        270.0,
        2114.0
      ]
    ],
    "right_points_confirmed": [
      [
        1750.0,
        1538.0
      ],
      [
        3158.0,
        1589.0
      ],
      [
        3395.0,
        2026.0
      ],
      [
        965.0,
        1847.0
      ]
    ],
    "points_json_path": "E:\\pingping\\pose3d_project_2.0_fixed\\output\\session_001\\ground_control_debug\\manual_control_points.json",
    "reuse_saved_points": true,
    "force_repick": false
  },
  "left_camera": {
    "camera_name": "left",
    "K": [
      [
        3046.443389872428,
        0.0,
        1927.9355560938989
      ],
      [
        0.0,
        3033.444385832433,
        1075.7888804600607
      ],
      [
        0.0,
        0.0,
        1.0
      ]
    ],
    "dist": [
      -0.0018891473357493917,
      0.009652978158818047,
      0.0,
      0.0,
      0.0
    ],
    "R": [
      [
        0.9398674865574306,
        0.34111686853323764,
        0.016982040934360454
      ],
      [
        -0.010442411532778778,
        -0.020998338194481807,
        0.9997249750978768
      ],
      [
        0.341379647538629,
        -0.9397863330540343,
        -0.016173572618733645
      ]
    ],
    "t": [
      -2.492511086350994,
      1.0442565714701757,
      5.4263191504345825
    ],
    "camera_center_world": [
      0.501099767802869,
      5.971745805577768,
      -0.9138784827790771
    ],
    "projection_matrix": [
      [
        3521.411052395423,
        -772.6542573089118,
        20.553220630302086,
        2868.299705638341
      ],
      [
        335.5759541987722,
        -1074.7089782157268,
        3015.2107635065763,
        9005.268037959837
      ],
      [
        0.341379647538629,
        -0.9397863330540343,
        -0.016173572618733645,
        5.4263191504345825
      ]
    ],
    "homography_image_to_world": [
      [
        0.0016691955644271604,
        0.0009391519036504247,
        -2.4360498750447412
      ],
      [
        0.0007874252949864105,
        0.011584080249771237,
        -19.632174839533334
      ],
      [
        2.5885863369738963e-05,
        0.0019430748592287514,
        -2.237177155592981
      ]
    ],
    "homography_world_to_image": [
      [
        657.7092895092185,
        -141.55170474391835,
        526.0
      ],
      [
        67.40023469689376,
        -197.41405453641713,
        1659.0
      ],
      [
        0.06614991306384484,
        -0.17309960158887627,
        1.0
      ]
    ],
    "control_points_image": [
      [
        526.0,
        1659.0
      ],
      [
        1953.0,
        1562.0
      ],
      [
        2699.0,
        1839.0
      ],
      [
        270.0,
        2114.0
      ]
    ],
    "control_points_order": [
      "top_left",
      "top_right",
      "bottom_right",
      "bottom_left"
    ],
    "mean_control_reproj_error_px": 2.0213284962714493
  },
  "right_camera": {
    "camera_name": "right",
    "K": [
      [
        3051.4791595792935,
        0.0,
        1923.2620108979752
      ],
      [
        0.0,
        3038.2172771331607,
        1073.9165873186012
      ],
      [
        0.0,
        0.0,
        1.0
      ]
    ],
    "dist": [
      -0.0037116122223009563,
      0.0200452477055813,
      0.0,
      0.0,
      0.0
    ],
    "R": [
      [
        0.9533000746241966,
        -0.30183410469436184,
        0.01073037580212477
      ],
      [
        -0.013208805864550754,
        -0.006171338027443414,
        0.9998937153690806
      ],
      [
        -0.30173580359170904,
        -0.9533404889284334,
        -0.009870005094301242
      ]
    ],
    "t": [
      -0.3557348053854295,
      0.9642939064944697,
      6.300466866987221
    ],
    "camera_center_world": [
      2.252935620640935,
      5.905068250613639,
      -0.8981886086511987
    ],
    "projection_matrix": [
      [
        2328.6583021654146,
        -2754.564025932077,
        13.760912289398618,
        11031.931231227274
      ],
      [
        -364.17030665301985,
        -1042.5580302406772,
        3027.2947991435185,
        9695.910283254561
      ],
      [
        -0.30173580359170904,
        -0.9533404889284334,
        -0.009870005094301242,
        6.300466866987221
      ]
    ],
    "homography_image_to_world": [
      [
        0.0020083859076929556,
        0.005102209293561421,
        -11.36187323196013
      ],
      [
        -0.0004898422878502805,
        0.013523491887917296,
        -19.941906519878803
      ],
      [
        1.9387917046115002e-05,
        0.0022826059474409,
        -2.5445768019948054
      ]
    ],
    "homography_world_to_image": [
      [
        374.5136504678569,
        -436.67770757348075,
        1750.0
      ],
      [
        -55.06040490431167,
        -164.877404152269,
        1538.0
      ],
      [
        -0.04653825658645581,
        -0.15123002543496977,
        1.0
      ]
    ],
    "control_points_image": [
      [
        1750.0,
        1538.0
      ],
      [
        3158.0,
        1589.0
      ],
      [
        3395.0,
        2026.0
      ],
      [
        965.0,
        1847.0
      ]
    ],
    "control_points_order": [
      "top_left",
      "top_right",
      "bottom_right",
      "bottom_left"
    ],
    "mean_control_reproj_error_px": 0.8823674592527827
  },
  "stereo": {
    "baseline_from_world_pose_meter": 1.7531745274715285,
    "image_size": [
      3840,
      2160
    ]
  }
}